// Parámetros simulados para modelo de racionamiento de agua

c = [
  [
    [0.00, 4016825.89, 93721755.85],
    [0.00, 2295153.41, 81068113.39],
    [0.00, 4790279.00, 77134270.11],
    [0.00, 2837293.80, 98841109.58],
    [0.00, 4211348.86, 97783088.95],
    [0.00, 3645511.50, 85894666.86],
    [0.00, 3698092.86, 84205941.70],
    [0.00, 3989200.15, 86816367.62],
    [0.00, 3108222.04, 87507996.49],
    [0.00, 2336000.75, 102494227.54],
  ],
  [
    [246971.50, 5216644.95, 133857958.17],
    [297511.17, 4589884.49, 135546705.00],
    [358712.60, 5672608.45, 146403248.19],
    [265122.20, 5230658.85, 129650906.85],
    [248945.10, 4030982.30, 97081577.14],
    [300664.83, 4392695.97, 141528153.15],
    [328343.40, 2461523.14, 125759855.20],
    [315085.05, 3776862.48, 127814850.20],
    [255875.00, 4895663.70, 105469795.51],
    [197067.52, 4068632.15, 113574871.70],
  ],
];

p = 1300000000;
n_0 = 120000000000.0;
e = 0.85;
m = 300000000000;

r = [592346990.08, 529789245.27, 365462377.15, 443532193.65, 450777771.77, 392885078.06, 549695198.37, 355708829.07, 615438884.49, 313412973.89];
h = [394942.00, 552890.00];
